crossing time (s)	slope (V/s)	crossing number
6274.627038	0.992990	4265
6275.630165	0.918444	4266
6276.693709	0.986617	4267
6277.696532	0.952870	4268
6278.758007	0.944282	4269
6279.765566	0.938754	4270
6280.826403	0.986121	4271
6281.833460	0.900657	4272
6282.893036	1.004997	4273
6283.901123	0.915906	4274
6284.959252	0.951942	4275
6285.969572	0.934322	4276
6287.025699	0.919379	4277
6288.036965	0.903823	4278
6289.091871	0.932822	4279
6290.104364	0.904390	4280
6291.158623	0.954504	4281
6292.171496	0.912715	4282
6293.224873	0.932575	4283
6294.239619	0.925257	4284
6295.290270	0.953995	4285
6296.306921	0.928777	4286
6297.356900	0.949584	4287
6298.373641	0.969768	4288
6299.423254	0.933460	4289
6300.441990	0.943613	4290
6301.490675	0.987092	4291
6302.509689	0.920218	4292
6303.556861	0.977133	4293
6304.576531	0.989669	4294
6305.624670	0.990344	4295
6306.644112	0.986346	4296
6307.691665	1.022303	4297
6308.711118	0.973976	4298
6309.758422	0.999056	4299
6310.778327	0.945217	4300
6311.827181	1.003932	4301
6312.845172	0.955666	4302
6313.895049	1.020445	4303
6314.911734	0.962416	4304
6315.963435	0.987056	4305
6316.978711	0.944758	4306
6318.030445	0.997235	4307
6319.045080	0.939257	4308
6320.100059	0.996938	4309
6321.111372	0.953886	4310
6322.167880	1.004234	4311
6323.176836	0.881912	4312
6324.235375	0.978116	4313
6325.243237	0.842830	4314
6326.303422	0.927300	4315
6327.309717	0.914808	4316
6328.371882	0.949649	4317
6329.377262	0.875083	4318
6330.439355	0.959035	4319
6331.442995	0.896377	4320
6332.506989	0.959389	4321
6333.510087	0.962373	4322
6334.574167	0.999512	4323
6335.576705	0.933025	4324
6336.642233	0.995622	4325
6337.644165	0.899312	4326
6338.709467	0.979677	4327
6339.711586	0.910879	4328
6340.776731	0.967098	4329
6341.779337	0.925863	4330
6342.843935	0.990071	4331
6343.845402	0.924731	4332
6344.910503	0.971865	4333
6345.913803	0.929572	4334
6346.978705	0.963036	4335
6347.981048	0.933631	4336
6349.044560	1.005607	4337
6350.048505	0.952230	4338
6351.111479	0.935876	4339
6352.116125	0.907606	4340
6353.177112	0.934876	4341
6354.187056	0.851413	4342
6355.238696	0.973763	4343
6356.256077	0.901697	4344
6357.307229	0.933121	4345
6358.322230	0.853654	4346
6359.372595	0.975140	4347
6360.390427	0.888728	4348
6361.439701	0.933174	4349
6362.458631	0.942475	4350
6363.503767	0.935716	4351
6364.526161	0.954529	4352
6365.573303	0.930800	4353
6366.593698	0.940608	4354
6367.639504	0.949887	4355
6368.660997	0.939855	4356
6369.707279	0.970781	4357
6370.727928	0.912932	4358
6371.773678	0.914032	4359
6372.795130	0.919085	4360
6373.839915	0.962925	4361
6374.863699	0.933752	4362
6375.908381	0.961327	4363
6376.929988	0.939913	4364
6377.976036	0.985130	4365
6378.996859	0.969271	4366
6380.043192	0.934285	4367
6381.063136	0.957510	4368
6382.111139	0.941263	4369
6383.130714	0.929045	4370
6384.178676	0.967883	4371
6385.196530	0.900749	4372
6386.246782	0.972597	4373
6387.264502	0.957882	4374
6388.316108	0.965167	4375
6389.329564	0.935994	4376
6390.382550	0.936739	4377
6391.396143	0.959635	4378
6392.451045	0.965812	4379
6393.462732	0.883600	4380
6394.518455	0.968227	4381
6395.529790	0.902706	4382
6396.586514	0.961188	4383
6397.596355	0.939887	4384
6398.653330	1.002646	4385
6399.663834	0.958531	4386
6400.721791	0.949525	4387
6401.729975	0.939377	4388
6402.790286	0.973309	4389
6403.796431	0.905716	4390
6404.857940	0.981536	4391
6405.862800	0.968879	4392
6406.924472	0.974417	4393
6407.930350	0.896795	4394
6408.992304	0.972544	4395
6409.997822	0.890390	4396
6411.058900	0.954422	4397
6412.066431	0.848261	4398
6413.129646	0.914123	4399
6414.132481	0.939132	4400
6415.193450	0.965856	4401
6416.199640	0.935712	4402
6417.259969	0.929425	4403
6418.268482	0.925839	4404
6419.325755	0.940460	4405
6420.335599	0.893136	4406
6421.393352	0.919228	4407
6422.403629	0.889048	4408
6423.459339	0.908449	4409
6424.471035	0.956930	4410
6425.525212	0.998092	4411
6426.539447	0.935576	4412
6427.592211	0.915156	4413
6428.606390	0.974692	4414
6429.658677	0.955400	4415
6430.675105	0.946407	4416
6431.725668	0.960700	4417
6432.743336	0.895659	4418
6433.791079	0.947401	4419
6434.811018	0.920465	4420
6435.858144	0.950444	4421
6436.877706	0.931446	4422
6437.924656	0.964592	4423
6438.944953	0.935422	4424
6439.991934	0.991397	4425
6441.013518	0.919478	4426
6442.058261	0.946269	4427
6443.080819	0.954711	4428
6444.125518	0.911214	4429
6445.147633	0.937826	4430
6446.193235	0.943935	4431
6447.214318	0.904924	4432
6448.260032	0.953451	4433
6449.281634	0.917921	4434
6450.327748	0.956053	4435
6451.349283	0.955593	4436
6452.394727	0.964128	4437
6453.415934	0.992751	4438
6454.463656	1.005668	4439
6455.482885	0.974466	4440
6456.531380	0.961558	4441
6457.549541	0.960585	4442
6458.598513	0.985155	4443
6459.616602	0.951114	4444
6460.666200	0.966167	4445
6461.682935	0.926816	4446
6462.734082	0.940045	4447
6463.749464	0.944195	4448
6464.802443	0.992546	4449
6465.815878	0.920023	4450
6466.871058	0.931041	4451
6467.883298	0.913717	4452
6468.938065	0.945966	4453
6469.949144	0.913630	4454
6471.005710	0.984006	4455
6472.015874	1.023282	4456
6473.073080	0.962867	4457
6474.083272	0.947521	4458
6475.140121	0.953405	4459
6476.151043	0.910286	4460
6477.207635	0.914377	4461
6478.217861	0.887883	4462
6479.276016	0.923047	4463
6480.284188	1.001001	4464
6481.342136	0.960047	4465
6482.351197	0.917140	4466
6483.409637	0.916343	4467
6484.418240	0.911561	4468
6485.476878	0.972839	4469
6486.486194	0.929119	4470
6487.544092	0.992058	4471
6488.552840	0.847063	4472
6489.610509	0.962953	4473
6490.620541	0.913608	4474
6491.677584	1.001233	4475
6492.688637	0.907280	4476
6493.744233	0.974263	4477
6494.756165	0.938721	4478
6495.811452	0.987238	4479
6496.823944	0.916508	4480
6497.877503	0.973909	4481
6498.893450	0.909790	4482
6499.942255	0.950140	4483
6500.960895	0.919128	4484
6502.009727	0.954689	4485
6503.029713	0.920599	4486
6504.076535	0.897069	4487
6505.096604	0.954292	4488
6506.141276	0.923067	4489
6507.164762	0.953305	4490
6508.208491	0.920819	4491
6509.232102	0.994263	4492
6510.276173	0.938916	4493
6511.298896	0.949551	4494
6512.342459	0.918718	4495
6513.367109	0.955753	4496
6514.409420	0.925933	4497
6515.434132	0.946776	4498
6516.476448	0.929144	4499
6517.502430	0.982035	4500
6518.543291	0.987748	4501
6519.569428	0.951292	4502
6520.611031	0.921513	4503
6521.636692	0.953089	4504
6522.678423	0.934765	4505
6523.703650	0.963055	4506
6524.746381	0.949584	4507
6525.768298	0.948646	4508
6526.814467	0.947624	4509
6527.825254	1.095791	4510
6528.882076	0.926256	4511
6529.904359	1.036685	4512
6530.949453	0.931333	4513
6531.970892	1.028160	4514
6533.016658	0.952458	4515
6534.036932	0.952126	4516
6535.084874	0.937368	4517
6536.103450	1.137673	4518
6537.152855	0.907448	4519
6538.169663	0.925334	4520
6539.220497	0.961286	4521
6540.236636	0.902966	4522
6541.289473	0.965449	4523
6542.302454	0.944891	4524
6543.356515	0.993857	4525
6544.369250	0.940912	4526
6545.424115	0.948177	4527
6546.437502	0.918940	4528
6547.491053	0.923492	4529
6548.502960	0.943222	4530
6549.560282	0.959972	4531
6550.570632	0.915632	4532
6551.626331	0.938981	4533
6552.637589	0.920273	4534
6553.693780	0.936579	4535
6554.704731	0.932411	4536
6555.761226	0.974847	4537
6556.772328	0.962130	4538
6557.827990	0.955553	4539
6558.839454	0.942603	4540
6559.895324	0.942527	4541
6560.906780	0.924696	4542
6561.961741	0.963180	4543
6562.974599	0.932178	4544
6564.028641	0.930293	4545
6565.042012	0.914371	4546
6566.095987	0.899708	4547
6567.110029	0.958031	4548
6568.161855	0.980909	4549
6569.177456	0.938045	4550
6570.228900	0.938358	4551
6571.245453	0.957176	4552
6572.295408	0.934086	4553
6573.313489	0.936841	4554
6574.362161	0.919750	4555
6575.380465	0.976305	4556
6576.429090	0.937574	4557
6577.448611	0.965770	4558
6578.495434	0.958648	4559
6579.515689	0.958682	4560
6580.562429	0.953861	4561
6581.583433	0.940836	4562
6582.628879	0.938052	4563
6583.651018	0.963265	4564
6584.696159	0.937036	4565
6585.718290	0.962242	4566
6586.762972	0.923999	4567
6587.785299	0.910963	4568
6588.830302	0.967268	4569
6589.852611	0.966016	4570
6590.897523	0.930243	4571
6591.919717	0.951050	4572
6592.965222	0.924845	4573
6593.987010	0.966829	4574
6595.032911	0.918351	4575
6596.053528	0.945614	4576
6597.100492	0.933705	4577
6598.120797	0.960669	4578
6599.168095	0.970952	4579
6600.186628	0.972413	4580
6601.236544	0.996420	4581
6602.253505	0.929067	4582
6603.304112	0.964079	4583
6604.320402	0.995790	4584
6605.371338	0.956553	4585
6606.387409	0.959610	4586
6607.439430	0.963184	4587
6608.453535	0.911720	4588
6609.507043	0.916849	4589
6610.520877	0.922743	4590
