time (s)	energy (uJ)	charge (mC)	voltage (mV)	crossing#mod 255
6276.953977	3.849491	3.286279	1.171383	170
6276.953977	3.849491	3.286279	1.171383	171
6277.956167	4.194336	3.356366	1.249666	172
6279.017907	3.927155	3.340848	1.175496	173
6280.025627	4.126491	3.347922	1.232553	174
6281.086165	3.897958	3.346115	1.164921	175
6282.093023	4.176156	3.352165	1.245809	176
6283.152992	3.857104	3.319954	1.161795	177
6284.161214	4.063133	3.348436	1.213442	178
6285.219037	3.985001	3.336755	1.194275	179
6286.230172	4.104099	3.359432	1.221665	180
6287.285371	3.957278	3.300717	1.198915	181
6288.296687	4.077849	3.352149	1.216488	182
6289.352396	3.961933	3.346203	1.184009	183
6290.364234	4.063365	3.355443	1.210978	184
6291.419374	3.967387	3.338279	1.188453	185
6292.431751	4.031196	3.353496	1.202088	186
6293.484156	4.044970	3.352696	1.206483	187
6294.498914	4.039062	3.343015	1.208209	188
6295.550002	4.117864	3.348372	1.229811	189
6296.567159	4.015565	3.351691	1.198071	190
6297.616958	4.122313	3.353038	1.229426	191
6298.633803	4.140048	3.351619	1.235238	192
6299.683502	4.056780	3.352688	1.210008	193
6300.701933	3.983779	3.304576	1.205534	194
6301.750478	4.007850	3.319530	1.207355	195
6302.769489	4.045115	3.349141	1.207807	196
6303.815812	4.092344	3.354042	1.220123	197
6304.836952	3.996042	3.333249	1.198843	198
6305.884354	4.128268	3.354988	1.230487	199
6306.904496	4.031387	3.339035	1.207351	200
6307.951475	4.024186	3.304924	1.217634	201
6308.971314	4.008749	3.344270	1.198692	202
6310.018532	4.069432	3.351696	1.214141	203
6311.038587	3.966693	3.357931	1.181291	204
6312.087537	3.984894	3.332501	1.195767	205
6313.105633	4.017008	3.359833	1.195598	206
6314.163936	4.184391	3.372661	1.240679	207
6315.170857	4.063979	3.359341	1.209755	208
6316.223823	3.942639	3.332637	1.183039	209
6317.237497	4.036677	3.347791	1.205773	210
6318.290703	4.007681	3.353746	1.194987	211
6319.304670	4.019619	3.349991	1.199890	212
6320.359581	3.979035	3.332107	1.194150	213
6321.371730	4.012547	3.358298	1.194816	214
6322.427647	4.042263	3.358880	1.203456	215
6323.436417	4.091795	3.350316	1.221316	216
6324.495555	4.022111	3.313897	1.213710	217
6325.502418	4.080637	3.291580	1.239720	218
6326.563402	4.005361	3.358594	1.192571	219
6327.570392	4.174860	3.358816	1.242956	220
6328.631907	3.893050	3.304805	1.177997	221
6329.637418	4.121280	3.345213	1.231993	222
6330.699589	3.950091	3.340015	1.182657	223
6331.702236	4.143953	3.356343	1.234663	224
6332.767064	4.014519	3.357463	1.195700	225
6333.770348	4.191324	3.354144	1.249596	226
6334.834132	3.970578	3.314424	1.197969	227
6335.837089	4.176275	3.351394	1.246131	228
6336.902816	3.944284	3.349927	1.177424	229
6337.904255	4.101024	3.305838	1.240540	230
6338.969978	3.980600	3.339792	1.191871	231
6339.972091	4.152742	3.367166	1.233305	232
6341.037157	3.926333	3.296892	1.190920	233
6342.039430	4.129344	3.339717	1.236435	234
6343.103884	3.962047	3.304716	1.198907	235
6344.113875	4.255352	3.354340	1.268611	236
6345.169869	3.932859	3.309058	1.188513	237
6346.173549	4.159367	3.350578	1.241388	238
6347.238780	3.941197	3.350369	1.176347	239
6348.241303	4.144978	3.357417	1.234573	240
6349.304282	4.017467	3.355219	1.197378	241
6350.308665	4.169263	3.355339	1.242576	242
6351.370658	4.015965	3.346729	1.199967	243
6352.376527	4.078932	3.290560	1.239586	244
6353.436417	3.991965	3.358669	1.188556	245
6354.447903	4.352568	3.353851	1.297782	246
6355.497977	4.014765	3.352011	1.197718	247
6356.515732	4.138643	3.340317	1.238997	248
6357.567709	3.968614	3.350556	1.184464	249
6358.581477	4.115439	3.299160	1.247420	250
6359.631883	3.945987	3.310255	1.192049	251
6360.650954	4.103789	3.340856	1.228365	252
6361.699408	4.068645	3.362736	1.209921	253
6362.718670	4.169369	3.359013	1.241248	254
6363.764335	3.979274	3.360522	1.184124	255
6364.786059	4.232577	3.354803	1.261647	0
6365.834045	4.003894	3.341297	1.198306	1
6366.854386	4.114719	3.342457	1.231046	2
6367.899128	4.061959	3.353807	1.211149	3
6368.921302	4.111092	3.315786	1.239854	4
6369.967326	4.046887	3.327264	1.216281	5
6370.987921	4.076347	3.308399	1.232121	6
6372.032944	4.142745	3.370577	1.229091	7
6373.064405	4.145387	3.339585	1.241288	8
6374.108355	4.126884	3.356107	1.229664	9
6375.123909	4.139313	3.350512	1.235427	10
6376.168760	4.118652	3.370500	1.221971	11
6377.189283	4.151417	3.335543	1.244600	12
6378.235667	4.073419	3.342802	1.218564	13
6379.257134	4.117735	3.340233	1.232769	14
6380.303343	3.993382	3.303121	1.208973	15
6381.323172	4.146047	3.361052	1.233557	16
6382.371658	4.080639	3.351343	1.217613	17
6383.390580	4.114223	3.343213	1.230620	18
6384.438890	4.104652	3.352400	1.224392	19
6385.456694	4.115097	3.342659	1.231085	20
6386.507315	4.032064	3.354241	1.202079	21
6387.524640	4.114737	3.342146	1.231166	22
6388.576254	4.042542	3.287043	1.229842	23
6389.589673	4.114827	3.334810	1.233902	24
6390.642889	4.099943	3.343739	1.226155	25
6391.656160	4.080720	3.354759	1.216398	26
6392.711487	4.107025	3.353904	1.224551	27
6393.722313	4.135691	3.345383	1.236238	28
6394.777976	3.992943	3.291872	1.212970	29
6395.789685	4.175801	3.358553	1.243333	30
6396.846805	4.079557	3.355018	1.215957	31
6397.855722	4.168599	3.368569	1.237498	32
6398.913244	4.111107	3.359551	1.223707	33
6399.924302	4.171041	3.349140	1.245407	34
6400.981514	3.994038	3.342222	1.195025	35
6401.989984	4.153212	3.345908	1.241281	36
6403.050427	4.061632	3.317251	1.224397	37
6404.057176	4.143068	3.360458	1.232888	38
6405.118154	4.101450	3.353373	1.223082	39
6406.121772	4.228366	3.359243	1.258726	40
6407.184221	3.998111	3.290784	1.214942	41
6408.190049	4.122230	3.299387	1.249392	42
6409.261273	4.138707	3.363889	1.230334	43
6410.257992	4.145996	3.349444	1.237816	44
6411.318915	4.016269	3.351330	1.198411	45
6412.326090	4.149286	3.365133	1.233023	46
6413.390280	3.871173	3.339647	1.159156	47
6414.391508	4.218445	3.333760	1.265371	48
6415.452777	4.030355	3.318981	1.214335	49
6416.460266	4.049877	3.303588	1.225903	50
6417.520095	4.048224	3.341492	1.211502	51
6418.528288	4.192913	3.359041	1.248247	52
6419.585279	4.002599	3.324431	1.203995	53
6420.594999	4.160673	3.354744	1.240236	54
6421.653669	4.008461	3.339560	1.200296	55
6422.663996	4.147171	3.353547	1.236652	56
6423.718748	4.005173	3.295851	1.215217	57
6424.731599	4.218259	3.373263	1.250498	58
6425.784766	4.022778	3.324763	1.209944	59
6426.799715	4.184552	3.327505	1.257565	60
6427.852648	4.061652	3.354930	1.210652	61
6428.866093	4.194134	3.354162	1.250427	62
6429.918772	4.003582	3.297187	1.214242	63
6430.935697	4.144531	3.339765	1.240965	64
6431.985474	4.104217	3.356342	1.222824	65
6433.003533	4.190472	3.348535	1.251435	66
6434.051174	4.003576	3.305337	1.211246	67
6435.071323	4.142088	3.288664	1.259505	68
6436.118054	4.096847	3.349797	1.223014	69
6437.137710	4.105806	3.294837	1.246133	70
6438.184756	4.111944	3.349938	1.227469	71
6439.205042	4.193343	3.356926	1.249162	72
6440.251574	4.127856	3.358525	1.229068	73
6441.273748	4.106298	3.286680	1.249376	74
6442.318533	4.179881	3.347413	1.248690	75
6443.341476	4.158907	3.299098	1.260620	76
6444.385867	4.134542	3.356774	1.231701	77
6445.407736	4.126993	3.331212	1.238887	78
6446.453719	4.122258	3.342104	1.233432	79
6447.474670	4.179775	3.357890	1.244762	80
6448.519657	4.070697	3.288350	1.237915	81
6449.541843	4.199417	3.361763	1.249171	82
6450.596597	4.205754	3.334599	1.261247	83
6451.609351	4.179352	3.332879	1.253976	84
6452.654270	4.157696	3.357931	1.238172	85
6453.675582	4.120777	3.315565	1.242858	86
6454.723903	4.184673	3.327528	1.257592	87
6455.743414	4.140914	3.341916	1.239084	88
6456.791025	4.140647	3.345768	1.237577	89
6457.809388	4.154406	3.340321	1.243715	90
6458.858125	4.029486	3.309333	1.217613	91
6459.876774	4.211128	3.359570	1.253473	92
6460.935376	4.195450	3.363264	1.247434	93
6461.941796	4.251690	3.356971	1.266526	94
6462.994237	4.074659	3.325266	1.225363	95
6464.009531	4.262753	3.363456	1.267373	96
6465.063143	4.114784	3.364746	1.222911	97
6466.075993	4.281404	3.344887	1.279984	98
6467.131164	4.133240	3.321625	1.244343	99
6468.143300	4.244520	3.347758	1.267869	100
6469.198538	4.096322	3.342702	1.225453	101
6470.208738	4.228315	3.348908	1.262595	102
6471.274747	4.176525	3.370783	1.239037	103
6472.276059	4.290301	3.354958	1.278794	104
6473.332707	4.111547	3.354499	1.225682	105
6474.343656	4.235481	3.358761	1.261025	106
6475.400421	3.978070	3.316540	1.199464	107
6476.410771	4.254658	3.353270	1.268809	108
6477.467926	4.042789	3.340236	1.210330	109
6478.477809	4.278829	3.341973	1.280330	110
6479.536038	4.030820	3.327168	1.211487	111
6480.544278	4.239820	3.327888	1.274027	112
6481.602398	4.066175	3.351433	1.213264	113
6482.611339	4.266360	3.353927	1.272049	114
6483.669860	4.003292	3.300043	1.213103	115
6484.678186	4.255421	3.333248	1.276659	116
6485.736986	4.085610	3.355866	1.217453	117
6486.745801	4.260813	3.330539	1.279316	118
6487.804180	4.138208	3.350449	1.235120	119
6488.812652	4.216210	3.305569	1.275487	120
6489.870354	4.180544	3.354972	1.246074	121
6490.881292	4.362117	3.358977	1.298645	122
6491.937869	4.092491	3.348392	1.222226	123
6492.948887	4.167687	3.288444	1.267374	124
6494.003809	4.103651	3.354478	1.223335	125
6495.016062	4.308305	3.352770	1.284999	126
6496.071070	4.142815	3.347888	1.237441	127
6497.083878	4.289704	3.350180	1.280440	128
6498.137289	4.169398	3.330583	1.251852	129
6499.153421	4.327307	3.356501	1.289232	130
6500.201628	4.076138	3.326868	1.225218	131
6501.220556	4.242481	3.307145	1.282823	132
6502.269640	4.054872	3.346529	1.211665	133
6503.289571	4.268609	3.354457	1.272519	134
6504.336458	3.991708	3.347366	1.192492	135
6505.357040	4.216863	3.336594	1.263823	136
6506.401168	4.140529	3.343762	1.238285	137
6507.424854	4.263669	3.356989	1.270087	138
6508.468718	4.148125	3.358689	1.235043	139
6509.501145	4.341822	3.351294	1.295566	140
6510.535620	4.190561	3.352931	1.249820	141
6511.559133	4.281328	3.344765	1.280009	142
6512.602984	4.137490	3.356099	1.232827	143
6513.626662	4.279824	3.351300	1.277064	144
6514.668874	4.156142	3.335536	1.246019	145
6515.693811	4.270267	3.339062	1.278883	146
6516.736726	4.205862	3.352873	1.254405	147
6517.762736	4.208545	3.310643	1.271217	148
6518.803654	4.103215	3.318896	1.236319	149
6519.829526	4.253640	3.338051	1.274288	150
6520.871887	4.186199	3.350627	1.249378	151
6521.896662	4.243718	3.341302	1.270079	152
6522.938011	4.157548	3.340174	1.244710	153
6523.972835	4.360627	3.356506	1.299157	154
6525.006640	4.126178	3.362067	1.227274	155
6526.028001	4.279374	3.340317	1.281128	156
6527.074737	4.122716	3.318275	1.242427	157
6528.089679	4.477653	3.346414	1.338045	158
6529.141909	4.095925	3.295783	1.242777	159
6530.164262	4.213600	3.311327	1.272481	160
6531.209559	4.123749	3.356358	1.228638	161
6532.230932	4.242302	3.279403	1.293620	162
6533.276590	4.158147	3.351552	1.240663	163
6534.296891	4.393201	3.356857	1.308725	164
6535.344950	4.080623	3.327684	1.226265	165
6536.363955	4.428213	3.344814	1.323904	166
6537.412448	4.164948	3.351829	1.242590	167
6538.430085	4.344824	3.348095	1.297701	168
6539.480747	4.000828	3.299866	1.212421	169
6540.497323	4.296548	3.312972	1.296887	170
6541.549550	4.102834	3.338724	1.228863	171
6542.562117	4.442312	3.356261	1.323590	172
6543.616768	4.146762	3.365188	1.232253	173
6544.629063	4.362689	3.351420	1.301744	174
6545.684874	4.059101	3.342835	1.214269	175
6546.697809	4.365899	3.340518	1.306953	176
6547.750193	4.132821	3.329696	1.241201	177
6548.763020	4.307265	3.324657	1.295552	178
6549.820612	4.115874	3.354413	1.227003	179
6550.830746	4.359832	3.349186	1.301759	180
6551.886314	4.077526	3.316676	1.229401	181
6552.897427	4.325375	3.354078	1.289587	182
6553.953249	4.127880	3.339288	1.236156	183
6554.964770	4.367245	3.347222	1.304737	184
6556.021891	4.090713	3.332446	1.227541	185
6557.032863	4.410534	3.344430	1.318770	186
6558.087807	4.138879	3.358668	1.232298	187
6559.100128	4.338713	3.351370	1.294609	188
6560.154844	4.101933	3.297120	1.244096	189
6561.166782	4.383619	3.359887	1.304693	190
6562.221654	4.140136	3.333701	1.241904	191
6563.235144	4.335079	3.316671	1.307057	192
6564.288483	4.212043	3.359821	1.253651	193
6565.302353	4.342153	3.297531	1.316789	194
6566.355739	4.161795	3.345595	1.243963	195
6567.370085	4.380155	3.353049	1.306320	196
6568.422202	4.144049	3.335646	1.242353	197
6569.437652	4.338379	3.306860	1.311933	198
6570.488034	4.102719	3.291631	1.246409	199
6571.505435	4.395411	3.348969	1.312467	200
6572.554799	4.194478	3.355095	1.250182	201
6573.573216	4.327315	3.311842	1.306619	202
6574.621973	4.181466	3.346066	1.249666	203
6575.640536	4.379536	3.335325	1.313076	204
6576.689575	4.203169	3.358091	1.251654	205
6577.717949	4.418292	3.355934	1.316561	206
6578.755224	4.255673	3.353678	1.268957	207
6579.775706	4.339142	3.343933	1.297616	208
6580.821683	4.232508	3.350187	1.263365	209
6581.843044	4.321984	3.324310	1.300115	210
6582.889578	4.198139	3.355823	1.251001	211
6583.910755	4.348627	3.359084	1.294587	212
6584.956591	4.160541	3.339939	1.245694	213
6585.978693	4.334501	3.353261	1.292623	214
6587.022949	4.197717	3.314860	1.266333	215
6588.045582	4.404276	3.359031	1.311175	216
6589.090735	4.180231	3.345595	1.249473	217
6590.112951	4.320908	3.321602	1.300851	218
6591.157104	4.261714	3.352276	1.271290	219
6592.179555	4.352301	3.359979	1.295336	220
6593.225753	4.234751	3.351909	1.263385	221
6594.246674	4.347621	3.362357	1.293028	222
6595.302121	4.243258	3.345130	1.268488	223
6596.313714	4.317885	3.352929	1.287795	224
6597.360310	4.233086	3.342499	1.266443	225
6598.381052	4.306334	3.319567	1.297258	226
6599.427966	4.253650	3.313970	1.283551	227
6600.446246	4.441498	3.355678	1.323577	228
6601.496677	4.193728	3.355662	1.249747	229
6602.513246	4.392671	3.351078	1.310823	230
6603.563685	4.149246	3.348759	1.239040	231
6604.580299	4.401297	3.317343	1.326754	232
6605.631396	4.163658	3.349250	1.243161	233
6606.647412	4.425499	3.356849	1.318349	234
6607.699374	4.119105	3.353484	1.228306	235
6608.713160	4.443012	3.352105	1.325440	236
6609.767202	4.172151	3.351620	1.244816	237
6610.780839	4.399879	3.346374	1.314820	238
